# timecode format v2
0.000
79.948
159.897
239.846
319.794
399.742
479.689
559.638
639.585
719.531
799.479
879.434
959.375
1039.322
1119.270
1199.219
1279.167
1359.114
1439.061
1519.008
1598.956
1678.908
1758.851
1838.800
1918.748
1998.697
2078.643
2158.591
2238.541
2318.492
2398.437
2478.382
2558.329
2638.277
2718.225
2798.175
2878.121
2958.071
3038.017
3117.965
3197.917
3277.898
3357.808
3437.757
3517.727
3597.652
3677.599
3757.546
3837.495
3917.443
3997.390
4077.338
4157.286
4237.235
4317.182
4397.129
4477.077
4557.025
4636.973
4716.920
4796.868
4876.816
4956.765
5036.712
5116.659
5196.608
5276.554
5356.502
5436.450
5516.399
5596.347
5676.293
5756.241
5836.188
5916.135
5996.085
6076.033
6155.983
6235.929
6315.889
6395.823
6475.774
6555.724
6635.669
6715.614
6795.562
6875.509
6955.460
7035.405
7115.354
7195.306
7275.249
7355.197
7435.144
7515.093
7595.040
7674.989
7754.934
7834.883
7914.830
7994.778
8074.727
8154.674
8234.627
8314.569
8394.516
8474.463
8554.413
8634.360
8714.333
8794.256
8874.203
8954.173
9034.100
9114.046
9193.998
9273.941
9353.889
9433.839
9513.784
9593.733
9673.680
9753.630
9833.577
9913.524
9993.474
10073.423
10153.369
10233.316
10313.263
10393.213
10473.159
10553.107
10633.061
10713.003
10792.949
10872.899
10952.848
11032.793
11112.748
11192.691
11272.638
11352.585
11432.532
11512.479
11592.427
11672.376
11752.322
11832.272
11912.222
11992.167
12072.118
12152.064
12232.011
12311.959
12391.906
12471.852
12551.801
12631.755
12711.699
12791.648
12871.593
12951.540
13031.489
13111.435
13191.383
13271.331
13351.279
13431.226
13511.173
13591.121
13671.069
13751.020
13830.973
13910.913
13990.861
14070.808
14150.773
14230.705
14310.651
14390.630
14470.547
14550.496
14630.451
14710.393
14790.341
14870.288
14950.234
15030.183
15110.130
15190.077
15270.024
15349.972
15429.919
15509.867
15589.814
15669.761
15749.709
15829.657
15909.606
15989.553
16069.501
16149.451
16229.395
16309.344
16389.290
16469.238
16549.193
16629.139
16709.083
16789.043
16868.979
16948.926
17028.875
17108.824
17188.770
17268.720
17348.669
17428.613
17508.563
17588.508
17668.456
17748.404
17828.352
17908.300
17988.249
18068.197
18148.144
18228.091
18308.037
18387.986
18467.936
18547.882
18627.830
18707.781
18787.726
18867.674
18947.623
19027.568
19107.518
19187.463
19267.412
19347.360
19427.307
19507.255
19587.210
19667.148
19747.121
19827.072
19906.994
19986.943
20066.892
20146.838
20226.784
20306.735
20386.680
20466.628
20546.576
20626.524
20706.470
20786.419
20866.368
20946.314
21026.261
21106.210
21186.157
21266.106
21346.053
21426.001
21505.948
21585.897
21665.844
21745.793
21825.740
21905.686
21985.644
22065.586
22145.531
22225.477
22305.426
22385.372
22465.322
22545.269
22625.217
22705.164
22785.112
22865.061
22945.010
23024.957
23104.904
23184.852
23264.801
23344.747
23424.696
23504.643
23584.592
23664.542
23744.487
23824.433
23904.382
23984.329
24064.277
24144.224
24224.172
24304.121
24384.068
24464.015
24543.964
24623.914
24703.858
24783.806
24863.754
24943.702
25023.650
25103.598
25183.545
25263.522
25343.442
25423.389
25503.336
25583.287
25663.231
25743.178
25823.127
25903.074
25983.022
26062.969
26142.917
26222.864
26302.815
26382.761
26462.709
26542.655
26622.603
26702.551
26782.499
26862.448
26942.396
27022.343
27102.292
27182.238
27262.188
27342.134
27422.084
27502.029
27581.981
27661.929
27741.875
27821.823
27901.772
27981.716
28061.663
28141.611
28221.559
28301.506
28381.455
28461.402
28541.353
28621.301
28701.249
28781.194
28861.142
28941.093
29021.040
29100.985
29180.933
29260.881
29340.831
29420.778
29500.724
29580.678
29660.619
29740.568
29820.516
29900.465
29980.412
30060.358
30140.305
30220.252
30300.200
30380.150
30460.096
30540.044
30619.993
30699.955
30779.888
30859.838
30939.802
31019.730
31099.680
31179.651
31259.582
31339.525
31419.469
31499.416
31579.365
31659.314
31739.263
31819.209
31899.157
31979.106
32059.054
32139.000
32218.947
32298.895
32378.842
32458.791
32538.738
32618.688
32698.634
32778.582
32858.530
32938.479
33018.428
33098.374
33178.319
33258.272
33338.216
33418.163
33498.110
33578.059
33658.007
33737.954
33817.900
33897.850
33977.796
34057.745
34137.692
34217.643
34297.588
34377.536
34457.483
34537.432
34617.379
34697.336
34777.275
34857.222
34937.173
35017.121
35097.068
35177.014
35256.963
35336.909
35416.857
35496.804
35576.752
35656.700
35736.648
35816.597
35896.551
35976.490
36056.440
36136.391
36216.335
36296.281
36376.240
36456.181
36536.123
36616.072
36696.020
36775.967
36855.914
36935.863
37015.811
37095.758
37175.707
37255.661
37335.602
37415.550
37495.499
37575.445
37655.398
37735.343
37815.289
37895.236
37975.183
38055.132
38135.079
38215.027
38294.975
38374.930
38454.870
38534.820
38614.770
38694.714
38774.661
38854.610
38934.562
39014.508
39094.452
39174.400
39254.348
39334.302
39414.243
39494.195
39574.140
39654.086
39734.040
39813.981
39893.931
39973.877
40053.827
40133.773
40213.720
40293.668
40373.617
40453.563
40533.512
40613.460
40693.408
40773.356
40853.302
40933.252
41013.199
41093.145
41173.093
41253.042
41332.987
41412.936
41492.886
41572.834
41652.780
41732.727
41812.701
41892.622
41972.572
42052.530
42132.471
42212.414
42292.361
42372.309
42452.259
42532.205
42612.152
42692.100
42772.047
42852.001
42931.944
43011.891
43091.840
43171.789
43251.736
43331.684
43411.630
43491.579
43571.526
43651.481
43731.420
43811.370
43891.316
43971.265
44051.213
44131.160
44211.109
44291.059
44371.003
44450.952
44530.898
44610.847
44690.794
44770.743
44850.692
44930.638
45010.586
45090.532
45170.488
45250.430
45330.379
45410.324
45490.272
45570.219
45650.167
45730.113
45810.061
45890.010
45969.957
46049.905
46129.856
46209.804
46289.756
46369.697
46449.645
46529.594
46609.537
46689.487
46769.437
46849.383
46929.328
47009.278
47089.228
47169.175
47249.144
47329.069
47409.015
47488.980
47568.912
47648.861
47728.808
47808.757
47888.704
47968.652
48048.600
48128.548
48208.495
48288.441
48368.390
48448.338
48528.287
48608.232
48688.180
48768.129
48848.078
48928.025
49007.971
49087.918
49167.868
49247.815
49327.762
49407.711
49487.665
49567.607
49647.555
49727.501
49807.452
49887.401
49967.346
50047.294
50127.244
50207.188
50287.137
50367.083
50447.031
50526.980
50606.928
50686.874
50766.821
50846.771
50926.719
51006.666
51086.614
51166.561
51246.509
51326.456
51406.405
51486.354
51566.300
51646.246
51726.196
51806.141
51886.094
51966.039
52045.986
52125.933
52205.898
52285.829
52365.784
52445.730
52525.671
52605.624
52685.601
52765.515
52845.466
52925.439
53005.360
53085.309
53165.264
53245.202
53325.149
53405.098
53485.045
53564.993
53644.940
53724.888
53804.836
53884.783
53964.732
54044.678
54124.626
54204.575
54284.524
54364.471
54444.418
54524.366
54604.314
54684.260
54764.210
54844.157
54924.104
55004.052
55083.999
55163.949
55243.895
55323.843
55403.790
55483.739
55563.687
55643.634
55723.596
55803.531
55883.479
55963.426
56043.373
56123.322
56203.269
56283.223
56363.164
56443.112
56523.058
56603.007
56682.955
56762.902
56842.852
56922.798
57002.747
57082.694
57162.641
57242.589
57322.537
57402.485
57482.432
57562.380
57642.327
57722.275
57802.223
57882.170
57962.120
58042.066
58122.014
58201.962
58281.909
58361.869
58441.807
58521.754
58601.721
58681.648
58761.595
58841.543
58921.490
59001.438
59081.389
59161.334
59241.283
59321.231
59401.178
59481.129
59561.074
59641.021
59720.974
59800.916
59880.864
59960.811
60040.761
60120.708
60200.656
60280.602
60360.556
60440.497
60520.445
60600.393
60680.340
60760.289
60840.236
60920.183
61000.133
61080.080
61160.027
61239.976
61319.925
61399.871
61479.818
61559.766
61639.715
61719.662
61799.610
61879.558
61959.504
62039.452
62119.400
62199.347
62279.296
62359.243
62439.191
62519.140
62599.087
62679.034
62758.982
62838.929
62918.880
62998.826
63078.773
63158.722
63238.669
63318.618
63398.565
63478.511
63558.463
63638.408
63718.357
63798.305
63878.251
63958.199
64038.147
64118.094
64198.042
64277.989
64357.938
64437.885
64517.833
64597.781
64677.730
64757.680
64837.625
64917.572
64997.520
65077.467
65157.415
65237.363
65317.310
65397.258
65477.206
65557.153
65637.102
65717.048
65796.997
65876.945
65956.893
66036.841
66116.793
66196.735
66276.683
66356.632
66436.579
66516.525
66596.474
66676.422
66756.371
66836.320
66916.267
66996.211
67076.161
67156.113
67236.058
67316.004
67395.952
67475.899
67555.847
67635.794
67715.743
67795.690
67875.639
67955.585
68035.536
68115.483
68195.433
68275.376
68355.326
68435.272
68515.218
68595.169
68675.114
68755.063
68835.010
68914.958
68994.908
69074.853
69154.803
69234.757
69314.696
69394.644
69474.603
69554.544
69634.488
69714.435
69794.390
69874.331
69954.278
70034.228
70114.175
70194.123
70274.070
70354.017
70433.964
70513.914
70593.861
70673.808
70753.757
70833.706
70913.653
70993.599
71073.547
71153.495
71233.443
71313.390
71393.337
71473.293
71553.235
71633.181
71713.140
71793.078
71873.025
71952.973
72032.926
72112.870
72192.815
72272.766
72352.712
72432.661
72512.607
72592.557
72672.501
72752.451
72832.399
72912.345
72992.292
73072.241
73152.188
73232.135
73312.084
73392.033
73471.981
73551.931
73631.875
73711.823
73791.771
73871.718
73951.665
74031.613
74111.560
74191.510
74271.458
74351.413
74431.352
74511.298
74591.250
74671.196
74751.143
74831.090
74911.050
74990.987
75070.934
75150.882
75230.834
75310.775
75390.723
75470.674
75550.620
75630.568
75710.515
75790.462
75870.413
75950.357
76030.308
76110.254
76190.204
76270.151
76350.097
76430.046
76509.991
76589.943
76669.889
76749.837
76829.784
76909.731
76989.680
77069.628
77149.575
77229.522
77309.476
77389.418
77469.368
77549.315
77629.262
77709.207
77789.158
77869.121
77949.053
78029.000
78108.949
78188.896
78268.843
78348.795
78428.742
78508.688
78588.637
78668.583
78748.529
78828.477
78908.427
78988.374
79068.321
79148.268
79228.219
79308.164
79388.112
79468.058
79548.012
79627.955
79707.903
79787.851
79867.802
79947.752
80027.694
80107.641
80187.589
80267.541
80347.498
80427.434
80507.381
80587.335
80667.275
80747.222
80827.173
80907.119
80987.067
81067.014
81146.961
81226.911
81306.859
81386.805
81466.754
81546.702
81626.649
81706.596
81786.549
81866.492
81946.458
82026.387
82106.336
82186.283
82266.230
82346.178
82426.125
82506.074
82586.024
82665.968
82745.931
82825.866
82905.812
82985.764
83065.708
83145.655
83225.606
83305.551
83385.499
83465.449
83545.394
83625.342
83705.291
83785.240
83865.186
83945.134
84025.080
84105.028
84184.977
84264.925
84344.872
84424.822
84504.769
84584.717
84664.663
84744.613
84824.559
84904.506
84984.454
85064.400
85144.349
85224.301
85304.245
85384.193
85464.143
85544.097
85624.037
85703.983
85783.937
85863.879
85943.827
86023.783
86103.721
86183.669
86263.617
86343.564
86423.513
86503.461
86583.407
86663.359
86743.306
86823.253
86903.199
86983.146
87063.097
87143.043
87222.991
87302.938
87382.887
87462.839
87542.782
87622.728
87702.680
87782.626
87862.572
87942.524
88022.470
88102.416
88182.363
88262.311
88342.259
88422.209
88502.155
88582.103
88662.053
88742.002
88821.944
88901.892
88981.841
89061.788
89141.736
89221.685
89301.634
89381.580
89461.529
89541.474
89621.423
89701.370
89781.319
89861.267
89941.213
90021.169
90101.109
90181.056
90261.009
90340.953
90420.899
90500.849
90580.798
90660.743
90740.691
90820.638
90900.586
90980.534
91060.482
91140.430
91220.378
91300.326
91380.274
91460.253
91540.168
91620.119
91700.083
91780.011
91859.968
91939.908
92019.859
92099.804
92179.750
92259.699
92339.650
92419.593
92499.545
92579.488
92659.441
92739.385
92819.335
92899.280
92979.227
93059.179
93139.124
93219.070
93299.020
93378.966
93458.912
93538.862
93618.810
93698.757
93778.707
93858.654
93938.599
94018.549
94098.496
94178.444
94258.392
94338.339
94418.287
94498.235
94578.182
94658.131
94738.078
94818.025
94897.974
94977.921
95057.868
95137.816
95217.766
95297.712
95377.661
95457.615
95537.565
95617.506
95697.451
95777.399
95857.348
95937.297
96017.241
96097.191
96177.137
96257.086
96337.034
96416.983
96496.929
96576.878
96656.823
96736.774
96816.723
96896.702
96976.618
97056.568
97136.546
97216.461
97296.405
97376.354
97456.309
97536.248
97616.197
97696.146
97776.093
97856.040
97935.988
98015.937
98095.893
98175.830
98255.780
98335.726
98415.675
98495.621
98575.572
98655.521
98735.466
98815.413
98895.361
98975.308
99055.257
