# timecode format v2
0.000
39.976
79.953
119.935
159.917
199.876
239.853
279.839
319.804
359.801
399.754
439.727
479.707
519.683
559.666
599.627
639.602
679.586
719.558
759.531
799.515
839.485
879.454
919.449
959.411
999.420
1039.359
1079.329
1119.307
1159.296
1199.255
1239.235
1279.211
1319.182
1359.159
1399.156
1439.105
1479.086
1519.057
1559.049
1599.026
1639.016
1678.956
1718.935
1758.915
1798.903
1838.862
1878.837
1918.810
1958.788
1998.762
2038.739
2078.712
2118.689
2158.675
2198.650
2238.613
2278.593
2318.563
2358.538
2398.519
2438.488
2478.463
2518.439
2558.414
2598.396
2638.363
2678.341
2718.322
2758.290
2798.264
2838.243
2878.214
2918.194
2958.166
2998.140
3038.114
3078.107
3118.065
3158.040
3198.015
3237.992
3277.972
3317.944
3357.919
3397.896
3437.889
3477.851
3517.821
3557.795
3597.822
3637.751
3677.728
3717.707
3757.669
3797.643
3837.642
3877.600
3917.576
3957.544
3997.519
4037.497
4077.476
4117.449
4157.426
4197.397
4237.372
4277.360
4317.346
4357.296
4397.277
4437.258
4477.223
4517.205
4557.195
4597.149
4637.124
4677.102
4717.080
4757.057
4797.037
4836.998
4876.973
4916.974
4956.930
4996.909
5036.883
5076.858
5116.826
5156.800
5196.779
5236.755
5276.726
5316.703
5356.680
5396.653
5436.629
5476.604
5516.578
5556.552
5596.528
5636.512
5676.485
5716.454
5756.434
5796.408
5836.379
5876.371
5916.329
5956.346
5996.286
6036.261
6076.230
6116.212
6156.182
6196.162
6236.143
6276.117
6316.081
6356.069
6396.032
6436.007
6475.984
6515.960
6555.933
6595.922
6635.887
6675.864
6715.832
6755.810
6795.786
6835.758
6875.737
6915.716
6955.688
6995.673
7035.639
7075.614
7115.593
7155.561
7195.536
7235.519
7275.489
7315.467
7355.443
7395.411
7435.387
7475.364
7515.338
7555.314
7595.287
7635.263
7675.239
7715.214
7755.201
7795.165
7835.142
7875.116
7915.089
7955.066
7995.041
8035.017
8075.003
8114.967
8154.945
8194.918
8234.892
8274.866
8314.842
8354.817
8394.796
8434.769
8474.745
8514.718
8554.703
8594.671
8634.646
8674.618
8714.598
8754.576
8794.549
8834.519
8874.498
8914.471
8954.451
8994.424
9034.395
9074.371
9114.350
9154.326
9194.299
9234.284
9274.248
9314.221
9354.199
9394.173
9434.153
9474.123
9514.098
9554.078
9594.057
9634.039
9674.010
9713.991
9753.949
9793.933
9833.900
9873.894
9913.862
9953.833
9993.803
10033.778
10073.761
10113.727
10153.715
10193.677
10233.688
10273.631
10313.605
10353.584
10393.552
10433.540
10473.512
10513.477
10553.454
10593.429
10633.403
10673.387
10713.354
10753.333
10793.358
10833.282
10873.256
10913.232
10953.231
10993.186
11033.155
11073.134
11113.109
11153.084
11193.060
11233.031
11273.009
11312.999
11352.964
11392.935
11432.909
11472.886
11512.866
11552.837
11592.823
11632.786
11672.758
11712.737
11752.715
11792.692
11832.660
11872.638
11912.612
11952.587
11992.560
12032.544
12072.515
12112.487
12152.470
12192.439
12232.465
12272.392
12312.362
12352.337
12392.314
12432.294
12472.271
12512.238
12552.215
12592.188
12632.167
12672.161
12712.116
12752.091
12792.075
12832.052
12872.018
12912.001
12951.967
12991.945
13031.925
13071.899
13111.884
13151.845
13191.833
