# timecode format v2
0.000
39.997
79.988
119.990
159.993
199.987
239.993
279.996
319.995
359.989
400.005
439.990
479.986
519.990
559.992
600.015
639.987
679.988
719.990
759.984
799.989
840.023
879.987
920.009
960.030
1000.006
1039.992
1079.996
1119.982
1159.991
1199.983
1239.994
1280.002
1319.990
1359.981
1399.993
1439.986
1479.983
1519.990
1560.005
1600.004
1639.982
1679.988
1719.986
1759.988
1800.007
1840.007
1879.977
1919.980
1959.986
1999.982
2039.981
2079.979
2119.980
2159.975
2199.980
2239.980
2279.980
2319.974
2359.982
2399.975
2439.975
2479.976
2519.978
2559.976
2599.976
2639.974
2679.977
2719.975
2759.972
2799.972
2839.971
2879.976
2919.973
2959.984
2999.972
3039.971
3079.971
3119.973
3159.969
3199.978
3239.976
3279.968
3319.985
3359.978
3399.969
3439.975
3479.977
3519.976
3559.967
3599.973
3639.990
3679.982
3719.987
3759.977
3799.967
3839.986
3879.969
3919.966
3959.967
3999.985
4039.969
4079.973
4119.969
4159.982
4199.968
4239.973
4280.038
4319.967
4359.967
4399.972
4439.963
4479.965
4519.972
4559.968
4599.966
4639.974
4679.966
4719.966
4759.975
4799.979
4839.978
4879.962
4919.985
4959.973
4999.980
5039.981
5079.964
5119.976
5159.974
5199.969
5239.963
5279.958
5319.983
5359.964
5399.960
5439.971
5479.959
5519.960
5559.959
5599.959
5640.014
5679.957
5719.955
5759.964
5799.962
5839.977
5879.962
5919.955
5959.955
5999.956
6039.953
6079.952
6119.983
6159.957
6199.963
6239.966
6279.960
6319.960
6359.954
6399.966
6439.966
6479.950
6519.951
6559.958
6599.950
6639.952
6679.960
6719.947
6759.959
6799.951
6839.948
6879.951
6919.954
6959.950
6999.948
7039.960
7079.951
7119.948
7159.950
7199.951
7239.949
7279.950
7319.952
7359.945
7399.952
7439.945
7479.945
7519.949
7559.957
7599.950
7639.950
7679.951
7719.944
7759.947
7799.946
7839.948
7879.942
7919.940
7959.956
7999.948
8039.941
8079.943
8119.943
8159.948
8199.949
8239.939
8279.940
8319.954
8359.940
8399.942
8439.939
8479.969
8519.937
8559.941
8599.964
8639.937
8679.946
8719.936
8759.948
8799.949
8839.934
8879.936
8919.971
8959.953
8999.942
9039.935
9079.942
9119.947
9159.949
9199.938
9239.939
9279.935
9319.946
9359.936
9399.939
9439.951
9479.939
9519.959
9559.962
9599.931
9639.930
9679.931
