# timecode format v2
0.000
40.004
80.030
120.002
159.994
199.994
240.002
280.011
320.000
359.994
399.996
439.997
480.003
519.994
559.998
599.996
639.996
680.007
719.991
760.000
799.996
839.997
879.993
920.014
959.991
1000.007
1040.019
1080.003
1119.992
1159.996
1200.004
1239.992
1280.003
1319.993
1359.991
1400.002
1439.994
1479.989
1519.988
1559.990
1600.002
1639.990
1679.989
1719.994
1759.989
1799.985
1839.991
1879.984
1919.987
1959.987
1999.991
2039.987
2079.984
2119.982
2159.983
2199.983
2239.993
2279.982
2319.987
2359.994
2399.985
2439.982
2479.985
2519.981
2559.980
2599.991
2639.981
2679.982
2719.979
2759.995
2799.978
2839.979
2879.980
2919.978
2959.976
2999.988
3039.978
3079.975
3119.975
3159.974
3199.974
3239.979
3279.976
3319.974
3359.975
3399.974
3439.973
3479.975
3519.999
3559.977
3599.972
3639.973
3679.972
3719.972
3759.971
3799.983
3839.972
3879.971
3919.970
3959.969
3999.971
4039.971
4079.970
4119.971
4159.969
4199.971
4239.972
4279.970
4319.970
4359.973
4399.969
4439.994
4479.969
4519.968
